Plotting data from pareto_MO.csv...
Pareto front for E vs GW:
[108   2]
[108   2]
[108   2]
[108   2]
[108   2]
[109   1]
[109   1]
[109   1]
[109   1]
[109   1]
[109   1]
[109   1]
[109   1]
[109   1]
[109   1]
[109   1]
[109   1]
[109   1]
[109   1]
[109   1]
[109   1]
[109   1]
[109   1]
[109   1]
[109   1]
[109   1]
[109   1]
[109   1]
[109   1]
[109   1]
[109   1]
[109   1]
[109   1]
[109   1]
[109   1]
[109   1]
[109   1]
[109   1]
[109   1]
[109   1]
[109   1]
[109   1]
[109   1]
[109   1]
[109   1]
[109   1]
[109   1]
[109   1]
[109   1]
[109   1]
[109   1]
[109   1]
[109   1]
[109   1]
[109   1]
[109   1]
[109   1]
[109   1]
[109   1]
[109   1]
[109   1]
[109   1]
[109   1]
[109   1]
[109   1]
[109   1]
[109   1]
[109   1]
[109   1]
[109   1]
[109   1]
[109   1]
[109   1]
[109   1]
[109   1]
[109   1]
[109   1]
[109   1]
[109   1]
[109   1]
[109   1]
[109   1]
[109   1]
[109   1]
[109   1]
[109   1]
[109   1]
[109   1]
[109   1]
[109   1]
[109   1]
[109   1]
[109   1]
[109   1]
[109   1]
[109   1]
[109   1]
[109   1]
[109   1]
[109   1]
[109   1]
[109   1]
[109   1]
[109   1]
[109   1]
[109   1]
[109   1]
[109   1]
[109   1]
[109   1]
[109   1]
[109   1]
[109   1]
[109   1]
[109   1]
[109   1]
[109   1]
[109   1]
[109   1]
[109   1]
[109   1]
[109   1]
[109   1]
[109   1]
[109   1]
[109   1]
[109   1]
[109   1]
[109   1]
[109   1]
[109   1]
[109   1]
[109   1]
[109   1]
[109   1]
[109   1]
[109   1]
[109   1]
[109   1]
[109   1]
[109   1]
[109   1]
[109   1]
[109   1]
[109   1]
[109   1]
[109   1]
[109   1]
[109   1]
[109   1]
[109   1]
[109   1]
[109   1]
[109   1]
[109   1]
[109   1]
[109   1]
[109   1]
[109   1]
[109   1]
[109   1]
[109   1]
[109   1]
[109   1]
[109   1]
[109   1]
[109   1]
[109   1]
[109   1]
[109   1]
[109   1]
[109   1]
[109   1]
[109   1]
[109   1]
[109   1]
[109   1]
[109   1]
[109   1]
[109   1]
[109   1]
[109   1]
[109   1]
[109   1]
[109   1]
[109   1]
[109   1]
[109   1]
[109   1]
[109   1]
[109   1]
[109   1]
[109   1]
[109   1]
[109   1]
[109   1]
[109   1]
[109   1]
[109   1]
[109   1]
[109   1]
[109   1]
[109   1]
[109   1]
[109   1]
[109   1]
[109   1]
[109   1]
[109   1]
[109   1]
[109   1]
[109   1]
[109   1]
[109   1]
[109   1]
[109   1]
[109   1]
[109   1]
[109   1]
[109   1]
[109   1]
[109   1]
[109   1]
[109   1]
[109   1]
[109   1]
[109   1]
[109   1]
[109   1]
[109   1]
[109   1]
[109   1]
[109   1]
[109   1]
[109   1]
[109   1]
[109   1]
[109   1]
[109   1]
[109   1]
Pareto front for UF vs GW:
[5.00194e-03 1.00000e+01]
[6.25632e-03 9.00000e+00]
[6.50438e-03 8.00000e+00]
[0.00725569 7.        ]
[0.00900713 4.        ]
[0.0120053 3.       ]
[0.0135058 2.       ]
[0.0233851 1.       ]
[0.0233851 1.       ]
[0.0233851 1.       ]
[0.0233851 1.       ]
[0.0233851 1.       ]
[0.0233851 1.       ]
[0.0233851 1.       ]
[0.0233851 1.       ]
[0.0233851 1.       ]
[0.0233851 1.       ]
[0.0233851 1.       ]
[0.0233851 1.       ]
[0.0233851 1.       ]
[0.0233851 1.       ]
[0.0233851 1.       ]
[0.0233851 1.       ]
[0.0233851 1.       ]
[0.0233851 1.       ]
[0.0233851 1.       ]
[0.0233851 1.       ]
[0.0233851 1.       ]
[0.0233851 1.       ]
[0.0233851 1.       ]
[0.0233851 1.       ]
[0.0233851 1.       ]
[0.0233851 1.       ]
[0.0233851 1.       ]
[0.0233851 1.       ]
Done!
Plotting data from pareto_MO.csv...
Plotting data from pareto_MO.csv...
